234,1234,5,2021-01-01
123,2345,7,2021-01-01
234,2345,9,2021-01-01
123,2345,2,2021-01-01
234,1234,7,2021-01-01
345,3456,0,2021-01-01
345,3456,10,2021-01-01
234,4567,4,2021-01-01
456,4567,8,2021-01-01
456,5678,9,2021-01-01
456,5678,4,2021-01-01
456,5678,4,2021-01-01
456,6789,4,2021-01-01
456,6789,4,2021-01-01
456,6789,4,2021-01-01
456,6789,4,2021-01-01
456,7891,4,2021-01-01
456,7891,4,2021-01-01
456,1213,4,2021-01-01
456,1213,4,2021-01-01
456,2435,4,2021-01-01
456,2435,4,2021-01-01
456,3546,4,2021-01-01
456,3546,4,2021-01-01
456,3546,4,2021-01-01
456,1111,4,2021-01-01
456,2222,4,2021-01-01
456,3333,4,2021-01-01
456,3333,4,2021-01-01
456,4444,4,2021-01-01